b = [
1.0 9;
2.0 19;
3.0 22;
4.0 32;
5.0 38;
6.0 46;
7.0 51;
8.0 60;
9.0 67;
10.0 76;
11.0 86;
12.0 96;
13.0 103;
14.0 107;
15.0 114;
16.0 122;
17.0 131;
18.0 136;
19.0 144;
20.0 151;
21.0 158;
22.0 169;
23.0 177;
24.0 188;
25.0 197;
26.0 210;
27.0 216;
28.0 222;
29.0 231;
30.0 239;
31.0 249;
32.0 259;
33.0 271;
34.0 280;
35.0 287;
36.0 299;
37.0 311;
38.0 318;
39.0 325;
40.0 333;
41.0 342;
42.0 349;
43.0 355;
44.0 364;
45.0 374;
46.0 379;
47.0 386;
48.0 396;
49.0 401;
50.0 406;
51.0 411;
52.0 420;
53.0 430;
54.0 438;
55.0 445;
56.0 456;
57.0 466;
58.0 475;
59.0 484;
60.0 494;
61.0 498;
62.0 505;
63.0 513;
64.0 518;
65.0 525;
66.0 532;
67.0 541;
68.0 551;
69.0 559;
70.0 562;
71.0 572;
72.0 581;
73.0 589;
74.0 597;
75.0 600;
76.0 600;
77.0 600;
78.0 600;
79.0 600;
80.0 600;
81.0 600;
82.0 600;
83.0 600;
84.0 600;
85.0 600;
86.0 600;
87.0 600;
88.0 600;
89.0 600;
90.0 600;
91.0 600;
92.0 600;
93.0 600;
94.0 600;
95.0 600;
96.0 600;
97.0 600;
98.0 600;
99.0 600;
100.0 600;
101.0 596;
102.0 594;
103.0 600;
104.0 594;
105.0 595;
106.0 598;
107.0 596;
108.0 595;
109.0 600;
110.0 596;
111.0 593;
112.0 589;
113.0 590;
114.0 592;
115.0 597;
116.0 597;
117.0 593;
118.0 598;
119.0 599;
120.0 597;
121.0 595;
122.0 592;
123.0 591;
124.0 588;
125.0 586;
126.0 583;
127.0 585;
128.0 583;
129.0 581;
130.0 577;
131.0 576;
132.0 575;
133.0 572;
134.0 567;
135.0 572;
136.0 568;
137.0 560;
138.0 557;
139.0 557;
140.0 556;
141.0 557;
142.0 561;
143.0 559;
144.0 557;
145.0 554;
146.0 557;
147.0 557;
148.0 552;
149.0 556;
150.0 561;
151.0 568;
152.0 564;
153.0 565;
154.0 566;
155.0 569;
156.0 569;
157.0 561;
158.0 567;
159.0 566;
160.0 562;
161.0 564;
162.0 563;
163.0 562;
164.0 569;
165.0 565;
166.0 563;
167.0 559;
168.0 554;
169.0 560;
170.0 563;
171.0 559;
172.0 561;
173.0 562;
174.0 563;
175.0 565;
176.0 570;
177.0 575;
178.0 586;
179.0 592;
180.0 600;
181.0 600;
182.0 600;
183.0 600;
184.0 600;
185.0 600;
186.0 600;
187.0 600;
188.0 600;
189.0 600;
190.0 600;
191.0 600;
192.0 600;
193.0 600;
194.0 600;
195.0 600;
196.0 600;
197.0 600;
198.0 600;
199.0 600;
200.0 600;
201.0 600;
202.0 597;
203.0 599;
204.0 598;
205.0 599;
206.0 591;
207.0 600;
208.0 596;
209.0 591;
210.0 600;
211.0 600;
212.0 600;
213.0 599;
214.0 598;
215.0 595;
216.0 596;
217.0 597;
218.0 591;
219.0 592;
220.0 592;
221.0 591;
222.0 594;
223.0 590;
224.0 590;
225.0 596;
226.0 589;
227.0 593;
228.0 595;
229.0 596;
230.0 598;
231.0 597;
232.0 599;
233.0 599;
234.0 599;
235.0 593;
236.0 594;
237.0 596;
238.0 600;
239.0 600;
240.0 596;
241.0 590;
242.0 585;
243.0 590;
244.0 590;
245.0 592;
246.0 591;
247.0 589;
248.0 587;
249.0 585;
250.0 590;
251.0 585;
252.0 584;
253.0 582;
254.0 579;
255.0 575;
256.0 571;
257.0 582;
258.0 573;
259.0 574;
260.0 577;
261.0 580;
262.0 587;
263.0 585;
264.0 583;
265.0 591;
266.0 592;
267.0 596;
268.0 600;
269.0 593;
270.0 595;
271.0 599;
272.0 598;
273.0 598;
274.0 593;
275.0 592;
276.0 596;
277.0 599;
278.0 596;
279.0 598;
280.0 600;
281.0 600;
282.0 600;
283.0 600;
284.0 600;
285.0 600;
286.0 600;
287.0 600;
288.0 600;
289.0 600;
290.0 600;
291.0 600;
292.0 600;
293.0 600;
294.0 600;
295.0 600;
296.0 600;
297.0 600;
298.0 600;
299.0 600;
300.0 600;
301.0 599;
302.0 598;
303.0 593;
304.0 600;
305.0 594;
306.0 597;
307.0 594;
308.0 594;
309.0 595;
310.0 585;
311.0 589;
312.0 592;
313.0 597;
314.0 600;
315.0 598;
316.0 599;
317.0 599;
318.0 600;
319.0 595;
320.0 596;
321.0 598;
322.0 597;
323.0 600;
324.0 595;
325.0 586;
326.0 589;
327.0 584;
328.0 589;
329.0 591;
330.0 591;
331.0 588;
332.0 582;
333.0 578;
334.0 585;
335.0 589;
336.0 585;
337.0 587;
338.0 583;
339.0 581;
340.0 585;
341.0 587;
342.0 585;
343.0 584;
344.0 585;
345.0 582;
346.0 584;
347.0 586;
348.0 591;
349.0 592;
350.0 588;
351.0 586;
352.0 594;
353.0 589;
354.0 590;
355.0 594;
356.0 600;
357.0 594;
358.0 594;
359.0 597;
360.0 591;
361.0 592;
362.0 588;
363.0 589;
364.0 592;
365.0 588;
366.0 584;
367.0 584;
368.0 584;
369.0 583;
370.0 581;
371.0 580;
372.0 578;
373.0 580;
374.0 582;
375.0 586;
376.0 590;
377.0 590;
378.0 589;
379.0 586;
380.0 583;
381.0 593;
382.0 597;
383.0 600;
384.0 600;
385.0 600;
386.0 600;
387.0 600;
388.0 600;
389.0 600;
390.0 600;
391.0 600;
392.0 600;
393.0 600;
394.0 600;
395.0 600;
396.0 600;
397.0 600;
398.0 600;
399.0 600;
400.0 600;
401.0 600;
402.0 599;
403.0 600;
404.0 598;
405.0 600;
406.0 599;
407.0 596;
408.0 596;
409.0 598;
410.0 600;
411.0 594;
412.0 597;
413.0 593;
414.0 590;
415.0 588;
416.0 587;
417.0 584;
418.0 585;
419.0 587;
420.0 592;
421.0 591;
422.0 588;
423.0 587;
424.0 588;
425.0 588;
426.0 591;
427.0 592;
428.0 590;
429.0 591;
430.0 592;
431.0 598;
432.0 598;
433.0 599;
434.0 595;
435.0 592;
436.0 593;
437.0 595;
438.0 600;
439.0 598;
440.0 598;
441.0 600;
442.0 600;
443.0 599;
444.0 595;
445.0 595;
446.0 595;
447.0 598;
448.0 594;
449.0 593;
450.0 595;
451.0 598;
452.0 598;
453.0 599;
454.0 595;
455.0 598;
456.0 591;
457.0 592;
458.0 598;
459.0 592;
460.0 596;
461.0 598;
462.0 597;
463.0 599;
464.0 598;
465.0 599;
466.0 599;
467.0 598;
468.0 595;
469.0 595;
470.0 593;
471.0 590;
472.0 589;
473.0 581;
474.0 579;
475.0 576;
476.0 576;
477.0 576;
478.0 578;
479.0 582;
480.0 582;
481.0 584;
482.0 586;
483.0 590;
484.0 600;
485.0 600;
486.0 600;
487.0 600;
488.0 600;
489.0 600;
490.0 600;
491.0 600;
492.0 600;
493.0 600;
494.0 600;
495.0 600;
496.0 600;
497.0 600;
498.0 600;
499.0 600;
500.0 600;
501.0 598;
502.0 598;
503.0 596;
504.0 594;
505.0 595;
506.0 600;
507.0 600;
508.0 600;
509.0 596;
510.0 599;
511.0 598;
512.0 594;
513.0 592;
514.0 593;
515.0 599;
516.0 593;
517.0 595;
518.0 598;
519.0 597;
520.0 593;
521.0 598;
522.0 600;
523.0 599;
524.0 599;
525.0 599;
526.0 596;
527.0 593;
528.0 593;
529.0 593;
530.0 595;
531.0 595;
532.0 596;
533.0 600;
534.0 600;
535.0 594;
536.0 594;
537.0 593;
538.0 589;
539.0 595;
540.0 591;
541.0 594;
542.0 600;
543.0 599;
544.0 600;
545.0 598;
546.0 598;
547.0 598;
548.0 599;
549.0 596;
550.0 595;
551.0 594;
552.0 595;
553.0 598;
554.0 600;
555.0 595;
556.0 594;
557.0 591;
558.0 585;
559.0 584;
560.0 584;
561.0 575;
562.0 578;
563.0 574;
564.0 568;
565.0 574;
566.0 579;
567.0 578;
568.0 575;
569.0 577;
570.0 586;
571.0 589;
572.0 597;
573.0 597;
574.0 597;
575.0 597;
576.0 598;
577.0 600;
578.0 599;
579.0 595;
580.0 597;
581.0 596;
582.0 597;
583.0 595;
584.0 590;
585.0 596;
586.0 600;
587.0 600;
588.0 600;
589.0 600;
590.0 600;
591.0 600;
592.0 600;
593.0 600;
594.0 600;
595.0 600;
596.0 600;
597.0 600;
598.0 600;
599.0 600;
600.0 600;
601.0 600;
602.0 600;
603.0 600;
604.0 600;
605.0 600;
606.0 600;
607.0 599;
608.0 599;
609.0 597;
610.0 595;
611.0 600;
612.0 596;
613.0 599;
614.0 600;
615.0 591;
616.0 593;
617.0 591;
618.0 587;
619.0 592;
620.0 592;
621.0 595;
622.0 597;
623.0 597;
624.0 599;
625.0 600;
626.0 597;
627.0 595;
628.0 593;
629.0 594;
630.0 589;
631.0 585;
632.0 584;
633.0 582;
634.0 578;
635.0 586;
636.0 587;
637.0 586;
638.0 588;
639.0 587;
640.0 594;
641.0 588;
642.0 588;
643.0 596;
644.0 597;
645.0 599;
646.0 598;
647.0 594;
648.0 596;
649.0 599;
650.0 596;
651.0 597;
652.0 592;
653.0 597;
654.0 600;
655.0 596;
656.0 596;
657.0 600;
658.0 600;
659.0 598;
660.0 597;
661.0 597;
662.0 598;
663.0 600;
664.0 600;
665.0 592;
666.0 593;
667.0 597;
668.0 600;
669.0 600;
670.0 594;
671.0 593;
672.0 588;
673.0 600;
674.0 599;
675.0 600;
676.0 593;
677.0 595;
678.0 597;
679.0 596;
680.0 595;
681.0 592;
682.0 600;
683.0 598;
684.0 593;
685.0 595;
686.0 596;
687.0 600;
688.0 600;
689.0 600;
690.0 600;
691.0 600;
692.0 600;
693.0 600;
694.0 600;
695.0 600;
696.0 600;
697.0 600;
698.0 600;
699.0 600;
700.0 600;
701.0 599;
702.0 600;
703.0 599;
704.0 596;
705.0 598;
706.0 596;
707.0 597;
708.0 594;
709.0 598;
710.0 592;
711.0 591;
712.0 593;
713.0 597;
714.0 596;
715.0 600;
716.0 600;
717.0 600;
718.0 599;
719.0 596;
720.0 599;
721.0 593;
722.0 590;
723.0 591;
724.0 597;
725.0 599;
726.0 600;
727.0 598;
728.0 596;
729.0 593;
730.0 595;
731.0 597;
732.0 599;
733.0 600;
734.0 599;
735.0 595;
736.0 591;
737.0 589;
