b = [
0.1 1 0;
0.2 0 0;
0.30000000000000004 0 0;
0.4 0 0;
0.5 0 0;
0.6 0 0;
0.7 2 0;
0.7999999999999999 1 0;
0.8999999999999999 0 0;
0.9999999999999999 0 0;
1.0999999999999999 0 0;
1.2 1 0;
1.3 0 1;
1.4000000000000001 0 0;
1.5000000000000002 2 1;
1.6000000000000003 2 0;
1.7000000000000004 0 2;
1.8000000000000005 3 1;
1.9000000000000006 0 5;
2.0000000000000004 0 0;
2.1000000000000005 1 5;
2.2000000000000006 1 3;
2.3000000000000007 0 1;
2.400000000000001 2 0;
2.500000000000001 0 0;
2.600000000000001 1 2;
2.700000000000001 0 3;
2.800000000000001 1 2;
2.9000000000000012 0 2;
3.0000000000000013 1 2;
3.1000000000000014 0 7;
3.2000000000000015 1 1;
3.3000000000000016 0 0;
3.4000000000000017 3 3;
3.5000000000000018 0 9;
3.600000000000002 0 16;
3.700000000000002 0 7;
3.800000000000002 1 0;
3.900000000000002 0 1;
4.000000000000002 0 6;
4.100000000000001 0 1;
4.200000000000001 1 2;
4.300000000000001 2 2;
4.4 0 0;
4.5 0 3;
4.6 1 3;
4.699999999999999 1 2;
4.799999999999999 0 2;
4.899999999999999 1 1;
4.999999999999998 0 3;
5.099999999999998 0 2;
5.1999999999999975 0 4;
5.299999999999997 1 0;
5.399999999999997 0 0;
5.4999999999999964 1 2;
5.599999999999996 1 1;
5.699999999999996 1 2;
5.799999999999995 1 0;
5.899999999999995 0 1;
5.999999999999995 0 1;
6.099999999999994 0 0;
6.199999999999994 2 5;
6.299999999999994 0 6;
6.399999999999993 1 2;
6.499999999999993 0 1;
6.5999999999999925 0 1;
6.699999999999992 0 0;
6.799999999999992 0 1;
6.8999999999999915 1 1;
6.999999999999991 0 0;
7.099999999999991 0 0;
7.19999999999999 1 5;
7.29999999999999 0 0;
7.39999999999999 7 1;
7.499999999999989 0 1;
7.599999999999989 1 0;
7.699999999999989 0 14;
7.799999999999988 1 4;
7.899999999999988 0 2;
7.999999999999988 0 5;
8.099999999999987 0 2;
8.199999999999987 0 7;
8.299999999999986 1 2;
8.399999999999986 0 7;
8.499999999999986 3 6;
8.599999999999985 1 1;
8.699999999999985 3 6;
8.799999999999985 3 4;
8.899999999999984 0 1;
8.999999999999984 0 3;
9.099999999999984 0 0;
9.199999999999983 2 4;
9.299999999999983 0 4;
9.399999999999983 0 9;
9.499999999999982 1 4;
9.599999999999982 0 3;
9.699999999999982 0 2;
9.799999999999981 1 3;
9.89999999999998 1 1;
9.99999999999998 1 0;
10.09999999999998 0 3;
10.19999999999998 0 0;
10.29999999999998 2 0;
10.399999999999979 0 0;
10.499999999999979 0 2;
10.599999999999978 0 4;
10.699999999999978 1 4;
10.799999999999978 0 6;
10.899999999999977 1 8;
10.999999999999977 0 9;
11.099999999999977 0 11;
11.199999999999976 1 12;
11.299999999999976 1 11;
11.399999999999975 1 10;
11.499999999999975 1 15;
11.599999999999975 0 10;
11.699999999999974 1 5;
11.799999999999974 0 10;
11.899999999999974 4 21;
11.999999999999973 3 19;
12.099999999999973 1 11;
12.199999999999973 0 17;
12.299999999999972 1 21;
12.399999999999972 1 23;
12.499999999999972 0 24;
12.599999999999971 1 15;
12.69999999999997 1 10;
12.79999999999997 1 4;
12.89999999999997 1 8;
12.99999999999997 0 6;
13.09999999999997 0 2;
13.199999999999969 0 5;
13.299999999999969 1 3;
13.399999999999968 2 9;
13.499999999999968 0 8;
13.599999999999968 0 0;
13.699999999999967 0 12;
13.799999999999967 1 6;
13.899999999999967 1 3;
13.999999999999966 0 5;
14.099999999999966 0 1;
14.199999999999966 0 2;
14.299999999999965 0 0;
14.399999999999965 2 4;
14.499999999999964 2 5;
14.599999999999964 1 4;
14.699999999999964 4 7;
14.799999999999963 0 5;
14.899999999999963 2 3;
14.999999999999963 0 4;
15.099999999999962 3 5;
15.199999999999962 0 6;
15.299999999999962 0 10;
15.399999999999961 1 2;
15.499999999999961 0 7;
15.59999999999996 1 6;
15.69999999999996 0 4;
15.79999999999996 2 9;
15.89999999999996 1 10;
15.99999999999996 0 5;
16.09999999999996 1 3;
16.19999999999996 2 4;
16.29999999999996 0 8;
16.399999999999963 0 4;
16.499999999999964 1 3;
16.599999999999966 1 3;
16.699999999999967 1 1;
16.79999999999997 0 2;
16.89999999999997 0 2;
16.99999999999997 2 2;
17.099999999999973 0 6;
17.199999999999974 0 1;
17.299999999999976 0 1;
17.399999999999977 3 5;
17.49999999999998 1 18;
17.59999999999998 2 21;
17.69999999999998 1 15;
17.799999999999983 0 12;
17.899999999999984 1 4;
17.999999999999986 0 0;
18.099999999999987 0 6;
18.19999999999999 1 0;
18.29999999999999 1 1;
18.39999999999999 0 4;
18.499999999999993 1 10;
18.599999999999994 1 17;
18.699999999999996 1 16;
18.799999999999997 2 16;
18.9 1 13;
19.0 0 12;
19.1 1 7;
19.200000000000003 0 6;
19.300000000000004 1 0;
19.400000000000006 0 0;
19.500000000000007 0 0;
19.60000000000001 0 4;
19.70000000000001 0 2;
19.80000000000001 1 5;
19.900000000000013 0 3;
20.000000000000014 0 3;
20.100000000000016 2 2;
20.200000000000017 0 16;
20.30000000000002 0 4;
20.40000000000002 0 4;
20.50000000000002 2 1;
20.600000000000023 0 0;
20.700000000000024 0 2;
20.800000000000026 3 0;
20.900000000000027 0 2;
21.00000000000003 1 4;
21.10000000000003 1 4;
21.20000000000003 2 9;
21.300000000000033 1 3;
21.400000000000034 0 4;
21.500000000000036 1 1;
21.600000000000037 0 0;
21.70000000000004 0 2;
21.80000000000004 1 2;
21.90000000000004 1 1;
22.000000000000043 0 0;
22.100000000000044 2 4;
22.200000000000045 0 3;
22.300000000000047 1 0;
22.40000000000005 0 1;
22.50000000000005 0 2;
22.60000000000005 1 0;
22.700000000000053 1 4;
22.800000000000054 2 3;
22.900000000000055 2 2;
23.000000000000057 0 1;
23.10000000000006 0 3;
23.20000000000006 0 2;
23.30000000000006 0 7;
23.400000000000063 3 6;
23.500000000000064 1 4;
23.600000000000065 1 3;
23.700000000000067 1 9;
23.800000000000068 1 15;
23.90000000000007 1 4;
24.00000000000007 0 1;
24.100000000000072 0 0;
24.200000000000074 0 2;
24.300000000000075 0 6;
24.400000000000077 0 6;
24.500000000000078 0 1;
24.60000000000008 0 2;
24.70000000000008 1 8;
24.800000000000082 1 15;
24.900000000000084 0 10;
25.000000000000085 0 10;
25.100000000000087 1 1;
25.200000000000088 2 3;
25.30000000000009 0 3;
25.40000000000009 2 4;
25.500000000000092 0 2;
25.600000000000094 0 1;
25.700000000000095 2 5;
25.800000000000097 0 1;
25.900000000000098 3 2;
26.0000000000001 0 3;
26.1000000000001 0 1;
26.200000000000102 1 1;
26.300000000000104 0 2;
26.400000000000105 0 3;
26.500000000000107 0 0;
26.600000000000108 0 3;
26.70000000000011 0 4;
26.80000000000011 0 4;
26.900000000000112 0 0;
27.000000000000114 1 3;
27.100000000000115 0 4;
27.200000000000117 0 0;
27.300000000000118 1 2;
27.40000000000012 0 6;
27.50000000000012 1 3;
27.600000000000122 0 3;
27.700000000000124 0 5;
27.800000000000125 2 2;
27.900000000000126 0 8;
28.000000000000128 0 4;
28.10000000000013 0 2;
28.20000000000013 1 1;
28.300000000000132 2 3;
28.400000000000134 0 13;
28.500000000000135 2 15;
28.600000000000136 0 15;
28.700000000000138 0 16;
28.80000000000014 3 10;
28.90000000000014 1 16;
29.000000000000142 1 12;
29.100000000000144 2 8;
29.200000000000145 1 5;
29.300000000000146 1 7;
29.400000000000148 0 9;
29.50000000000015 0 4;
29.60000000000015 0 12;
29.700000000000152 0 6;
29.800000000000153 1 0;
29.900000000000155 2 5;
30.000000000000156 0 7;
30.100000000000158 1 5;
30.20000000000016 1 1;
30.30000000000016 2 1;
30.400000000000162 4 4;
30.500000000000163 0 1;
30.600000000000165 0 6;
30.700000000000166 0 0;
30.800000000000168 1 6;
30.90000000000017 0 2;
31.00000000000017 0 4;
31.100000000000172 1 11;
31.200000000000173 0 6;
31.300000000000175 0 7;
31.400000000000176 1 4;
31.500000000000178 1 5;
31.60000000000018 0 0;
31.70000000000018 1 0;
31.800000000000182 1 5;
31.900000000000183 1 3;
32.000000000000185 2 2;
32.100000000000186 2 2;
32.20000000000019 0 0;
32.30000000000019 0 1;
32.40000000000019 0 2;
32.50000000000019 0 3;
32.60000000000019 0 2;
32.700000000000195 1 2;
32.800000000000196 0 3;
32.9000000000002 0 2;
33.0000000000002 0 1;
33.1000000000002 0 2;
33.2000000000002 0 0;
33.3000000000002 0 0;
33.400000000000205 0 1;
33.500000000000206 1 8;
33.60000000000021 0 1;
33.70000000000021 0 5;
33.80000000000021 2 1;
33.90000000000021 0 2;
34.00000000000021 1 1;
34.100000000000215 2 0;
34.200000000000216 2 6;
34.30000000000022 1 2;
34.40000000000022 0 1;
34.50000000000022 1 6;
34.60000000000022 1 4;
