b = [
4.0 19;
8.0 40;
12.0 48;
16.0 40;
20.0 44;
24.0 51;
28.0 42;
32.0 43;
36.0 40;
40.0 38;
44.0 28;
48.0 32;
52.0 31;
56.0 34;
60.0 39;
64.0 48;
68.0 53;
72.0 43;
76.0 44;
80.0 34;
84.0 36;
88.0 45;
92.0 47;
96.0 46;
100.0 45;
104.0 46;
108.0 52;
112.0 52;
116.0 43;
120.0 40;
124.0 48;
128.0 40;
132.0 51;
136.0 47;
140.0 42;
144.0 43;
148.0 38;
152.0 38;
156.0 43;
160.0 50;
164.0 48;
168.0 45;
172.0 40;
176.0 33;
180.0 36;
184.0 40;
188.0 43;
192.0 45;
196.0 46;
200.0 40;
204.0 34;
208.0 39;
212.0 44;
216.0 45;
220.0 38;
224.0 42;
228.0 45;
232.0 48;
236.0 48;
240.0 33;
244.0 35;
248.0 40;
252.0 44;
256.0 53;
260.0 49;
264.0 37;
268.0 35;
272.0 32;
276.0 28;
280.0 31;
284.0 36;
288.0 40;
292.0 49;
296.0 52;
300.0 40;
304.0 28;
308.0 27;
312.0 42;
316.0 41;
320.0 32;
324.0 27;
328.0 34;
332.0 36;
336.0 31;
340.0 34;
344.0 24;
348.0 28;
352.0 29;
356.0 39;
360.0 38;
364.0 39;
368.0 43;
372.0 49;
376.0 39;
380.0 39;
384.0 41;
388.0 48;
392.0 36;
396.0 32;
400.0 33;
404.0 33;
408.0 36;
412.0 30;
416.0 33;
420.0 40;
424.0 43;
428.0 42;
432.0 39;
436.0 44;
440.0 42;
444.0 45;
448.0 47;
452.0 50;
456.0 55;
460.0 52;
464.0 49;
468.0 45;
472.0 44;
476.0 45;
480.0 42;
484.0 45;
488.0 46;
492.0 42;
496.0 40;
500.0 43;
504.0 41;
508.0 42;
512.0 36;
516.0 39;
520.0 35;
524.0 34;
528.0 30;
532.0 39;
536.0 38;
540.0 37;
544.0 38;
548.0 32;
552.0 27;
556.0 26;
560.0 38;
564.0 50;
568.0 50;
572.0 45;
576.0 42;
580.0 39;
584.0 30;
588.0 37;
592.0 35;
596.0 34;
600.0 32;
604.0 27;
608.0 28;
612.0 43;
616.0 46;
620.0 36;
624.0 45;
628.0 52;
632.0 59;
636.0 53;
640.0 52;
644.0 50;
648.0 40;
652.0 48;
656.0 48;
660.0 41;
664.0 40;
668.0 42;
672.0 33;
676.0 30;
680.0 30;
684.0 29;
688.0 38;
692.0 40;
696.0 36;
700.0 39;
704.0 38;
708.0 48;
712.0 34;
716.0 40;
720.0 40;
724.0 37;
728.0 36;
732.0 36;
736.0 37;
740.0 47;
744.0 61;
748.0 57;
752.0 50;
756.0 38;
760.0 40;
764.0 40;
768.0 43;
772.0 49;
776.0 45;
780.0 46;
784.0 46;
788.0 38;
792.0 31;
796.0 33;
800.0 35;
804.0 31;
808.0 32;
812.0 33;
816.0 30;
820.0 32;
824.0 36;
828.0 39;
832.0 40;
836.0 31;
840.0 36;
844.0 42;
848.0 45;
852.0 36;
856.0 30;
860.0 33;
864.0 41;
868.0 48;
872.0 49;
876.0 42;
880.0 40;
884.0 57;
888.0 56;
892.0 40;
896.0 33;
900.0 33;
904.0 32;
908.0 32;
912.0 38;
916.0 39;
920.0 42;
924.0 54;
928.0 49;
932.0 41;
936.0 38;
940.0 39;
944.0 43;
948.0 41;
952.0 39;
956.0 41;
960.0 47;
964.0 54;
968.0 47;
972.0 37;
976.0 32;
980.0 35;
984.0 41;
988.0 36;
992.0 32;
996.0 30;
1000.0 36;
1004.0 34;
1008.0 37;
1012.0 30;
1016.0 24;
1020.0 32;
1024.0 40;
1028.0 44;
1032.0 45;
1036.0 37;
1040.0 35;
1044.0 33;
1048.0 37;
1052.0 33;
1056.0 29;
1060.0 37;
1064.0 40;
1068.0 38;
1072.0 35;
1076.0 39;
1080.0 36;
1084.0 36;
1088.0 35;
1092.0 43;
1096.0 44;
1100.0 40;
1104.0 35;
1108.0 36;
1112.0 35;
1116.0 38;
1120.0 35;
1124.0 36;
1128.0 38;
1132.0 38;
1136.0 27;
1140.0 30;
1144.0 43;
1148.0 39;
1152.0 32;
1156.0 33;
1160.0 38;
1164.0 42;
1168.0 45;
1172.0 45;
1176.0 38;
1180.0 33;
1184.0 36;
1188.0 45;
1192.0 47;
1196.0 40;
1200.0 52;
1204.0 47;
1208.0 41;
1212.0 38;
1216.0 47;
1220.0 49;
1224.0 44;
1228.0 39;
1232.0 39;
1236.0 43;
1240.0 39;
1244.0 32;
1248.0 36;
1252.0 36;
1256.0 42;
1260.0 41;
1264.0 39;
1268.0 33;
1272.0 35;
1276.0 36;
1280.0 34;
1284.0 42;
1288.0 42;
1292.0 43;
1296.0 31;
1300.0 34;
1304.0 33;
1308.0 38;
1312.0 39;
1316.0 31;
1320.0 26;
1324.0 30;
1328.0 41;
1332.0 46;
1336.0 44;
1340.0 44;
1344.0 48;
1348.0 41;
1352.0 44;
1356.0 40;
1360.0 48;
1364.0 43;
1368.0 48;
1372.0 44;
1376.0 42;
1380.0 42;
1384.0 45;
1388.0 48;
1392.0 50;
1396.0 41;
1400.0 38;
1404.0 44;
1408.0 41;
1412.0 43;
1416.0 43;
1420.0 52;
1424.0 48;
1428.0 50;
1432.0 42;
1436.0 44;
1440.0 43;
1444.0 42;
1448.0 38;
1452.0 47;
1456.0 46;
1460.0 45;
1464.0 39;
1468.0 43;
1472.0 54;
1476.0 47;
1480.0 45;
1484.0 44;
1488.0 38;
1492.0 34;
1496.0 41;
1500.0 45;
1504.0 46;
1508.0 44;
1512.0 40;
1516.0 40;
1520.0 35;
1524.0 36;
1528.0 32;
1532.0 34;
1536.0 47;
1540.0 49;
1544.0 46;
1548.0 40;
1552.0 35;
1556.0 28;
1560.0 26;
1564.0 37;
1568.0 37;
1572.0 37;
1576.0 39;
1580.0 43;
1584.0 44;
1588.0 41;
1592.0 40;
1596.0 33;
1600.0 32;
1604.0 39;
1608.0 48;
1612.0 47;
1616.0 36;
1620.0 35;
1624.0 39;
1628.0 42;
1632.0 34;
1636.0 38;
1640.0 42;
1644.0 38;
1648.0 34;
1652.0 46;
1656.0 39;
1660.0 35;
1664.0 26;
1668.0 30;
1672.0 33;
1676.0 33;
1680.0 34;
1684.0 37;
1688.0 44;
1692.0 55;
1696.0 50;
1700.0 42;
1704.0 41;
1708.0 39;
1712.0 42;
1716.0 37;
1720.0 36;
1724.0 35;
1728.0 39;
1732.0 40;
1736.0 41;
1740.0 39;
1744.0 37;
1748.0 36;
1752.0 36;
1756.0 38;
1760.0 40;
1764.0 49;
1768.0 39;
1772.0 35;
1776.0 38;
1780.0 46;
1784.0 47;
1788.0 39;
1792.0 39;
1796.0 36;
1800.0 37;
1804.0 40;
1808.0 36;
1812.0 31;
1816.0 35;
1820.0 50;
1824.0 41;
1828.0 30;
1832.0 34;
1836.0 38;
1840.0 35;
1844.0 38;
1848.0 33;
1852.0 39;
1856.0 38;
1860.0 36;
1864.0 38;
1868.0 38;
1872.0 40;
1876.0 37;
1880.0 36;
1884.0 45;
1888.0 45;
1892.0 39;
1896.0 38;
1900.0 39;
1904.0 39;
1908.0 30;
1912.0 33;
1916.0 37;
1920.0 31;
1924.0 36;
1928.0 38;
1932.0 49;
1936.0 55;
1940.0 41;
1944.0 37;
1948.0 30;
1952.0 32;
1956.0 35;
1960.0 34;
1964.0 34;
1968.0 41;
1972.0 48;
1976.0 49;
1980.0 42;
1984.0 35;
1988.0 32;
1992.0 39;
1996.0 39;
2000.0 41;
2004.0 40;
2008.0 40;
2012.0 49;
2016.0 59;
2020.0 48;
2024.0 40;
2028.0 36;
2032.0 34;
2036.0 30;
2040.0 31;
2044.0 30;
2048.0 27;
2052.0 29;
2056.0 32;
2060.0 40;
2064.0 41;
2068.0 46;
2072.0 47;
2076.0 52;
2080.0 50;
2084.0 51;
2088.0 42;
2092.0 46;
2096.0 37;
2100.0 43;
2104.0 43;
2108.0 56;
2112.0 56;
2116.0 59;
2120.0 44;
2124.0 38;
2128.0 36;
2132.0 40;
2136.0 44;
2140.0 42;
2144.0 44;
2148.0 44;
2152.0 42;
2156.0 33;
2160.0 35;
2164.0 31;
2168.0 28;
2172.0 35;
2176.0 36;
2180.0 37;
2184.0 30;
2188.0 32;
2192.0 37;
2196.0 44;
2200.0 52;
2204.0 48;
2208.0 44;
2212.0 45;
2216.0 48;
2220.0 51;
2224.0 53;
2228.0 47;
2232.0 51;
2236.0 43;
2240.0 34;
2244.0 34;
2248.0 36;
2252.0 42;
2256.0 47;
2260.0 43;
2264.0 48;
2268.0 52;
2272.0 39;
2276.0 43;
2280.0 51;
2284.0 50;
2288.0 46;
2292.0 40;
2296.0 39;
2300.0 47;
2304.0 41;
2308.0 45;
2312.0 40;
2316.0 36;
2320.0 42;
2324.0 44;
2328.0 38;
2332.0 37;
2336.0 29;
2340.0 32;
2344.0 41;
2348.0 50;
2352.0 44;
2356.0 29;
2360.0 30;
2364.0 39;
2368.0 40;
2372.0 31;
2376.0 31;
2380.0 35;
2384.0 42;
2388.0 47;
2392.0 41;
2396.0 37;
2400.0 34;
2404.0 34;
2408.0 38;
2412.0 45;
2416.0 46;
2420.0 43;
2424.0 49;
2428.0 46;
2432.0 37;
2436.0 33;
2440.0 37;
2444.0 44;
2448.0 52;
2452.0 53;
2456.0 42;
2460.0 28;
2464.0 27;
2468.0 33;
2472.0 36;
2476.0 43;
2480.0 49;
2484.0 43;
2488.0 35;
2492.0 36;
2496.0 41;
2500.0 41;
2504.0 40;
2508.0 41;
2512.0 38;
2516.0 41;
2520.0 43;
2524.0 38;
2528.0 44;
2532.0 38;
2536.0 45;
2540.0 46;
2544.0 44;
2548.0 42;
2552.0 40;
2556.0 36;
2560.0 36;
2564.0 48;
2568.0 45;
2572.0 38;
2576.0 37;
2580.0 37;
2584.0 31;
2588.0 27;
2592.0 36;
2596.0 42;
2600.0 37;
2604.0 32;
2608.0 36;
2612.0 42;
2616.0 39;
2620.0 39;
2624.0 41;
2628.0 47;
2632.0 45;
2636.0 40;
2640.0 41;
2644.0 44;
2648.0 37;
2652.0 40;
2656.0 45;
2660.0 54;
2664.0 41;
2668.0 44;
2672.0 41;
2676.0 43;
2680.0 40;
2684.0 38;
2688.0 35;
2692.0 30;
2696.0 32;
2700.0 43;
2704.0 44;
2708.0 32;
2712.0 30;
2716.0 45;
2720.0 50;
2724.0 60;
2728.0 51;
2732.0 39;
2736.0 39;
2740.0 37;
2744.0 45;
2748.0 47;
2752.0 52;
2756.0 40;
2760.0 35;
2764.0 36;
2768.0 36;
2772.0 33;
2776.0 33;
2780.0 34;
2784.0 39;
2788.0 43;
2792.0 41;
2796.0 41;
2800.0 43;
2804.0 47;
2808.0 44;
2812.0 45;
2816.0 47;
2820.0 41;
2824.0 41;
2828.0 47;
2832.0 41;
2836.0 30;
2840.0 38;
2844.0 44;
2848.0 48;
2852.0 40;
2856.0 44;
2860.0 52;
2864.0 46;
2868.0 38;
2872.0 38;
2876.0 31;
2880.0 30;
2884.0 35;
2888.0 40;
2892.0 35;
2896.0 39;
2900.0 40;
2904.0 40;
2908.0 47;
2912.0 37;
2916.0 36;
2920.0 37;
2924.0 40;
2928.0 44;
2932.0 43;
2936.0 45;
2940.0 45;
2944.0 46;
2948.0 37;
2952.0 37;
2956.0 35;
2960.0 28;
2964.0 29;
2968.0 40;
2972.0 44;
2976.0 34;
2980.0 27;
2984.0 35;
2988.0 39;
2992.0 43;
2996.0 37;
3000.0 46;
3004.0 50;
