b = [
4.0 9;
8.0 20;
12.0 21;
16.0 30;
20.0 37;
24.0 51;
28.0 47;
32.0 47;
36.0 42;
40.0 38;
44.0 39;
48.0 37;
52.0 37;
56.0 40;
60.0 42;
64.0 49;
68.0 56;
72.0 58;
76.0 57;
80.0 54;
84.0 37;
88.0 30;
92.0 32;
96.0 36;
100.0 40;
104.0 37;
108.0 34;
112.0 30;
116.0 26;
120.0 36;
124.0 40;
128.0 43;
132.0 42;
136.0 39;
140.0 39;
144.0 40;
148.0 36;
152.0 38;
156.0 41;
160.0 39;
164.0 39;
168.0 36;
172.0 34;
176.0 33;
180.0 34;
184.0 32;
188.0 37;
192.0 30;
196.0 46;
200.0 45;
204.0 45;
208.0 45;
212.0 45;
216.0 40;
220.0 37;
224.0 35;
228.0 37;
232.0 30;
236.0 30;
240.0 35;
244.0 50;
248.0 54;
252.0 44;
256.0 45;
260.0 40;
264.0 42;
268.0 43;
272.0 39;
276.0 41;
280.0 36;
284.0 31;
288.0 34;
292.0 48;
296.0 44;
300.0 45;
304.0 45;
308.0 45;
312.0 43;
316.0 44;
320.0 43;
324.0 42;
328.0 41;
332.0 39;
336.0 41;
340.0 36;
344.0 41;
348.0 54;
352.0 54;
356.0 50;
360.0 43;
364.0 39;
368.0 36;
372.0 38;
376.0 39;
380.0 42;
384.0 41;
388.0 49;
392.0 45;
396.0 41;
400.0 34;
404.0 29;
408.0 29;
412.0 28;
416.0 36;
420.0 33;
424.0 36;
428.0 40;
432.0 41;
436.0 33;
440.0 38;
444.0 37;
448.0 40;
452.0 36;
456.0 43;
460.0 50;
464.0 54;
468.0 52;
472.0 46;
476.0 41;
480.0 49;
484.0 50;
488.0 41;
492.0 29;
496.0 39;
500.0 40;
504.0 34;
508.0 35;
512.0 39;
516.0 42;
520.0 38;
524.0 33;
528.0 34;
532.0 37;
536.0 35;
540.0 38;
544.0 30;
548.0 41;
552.0 45;
556.0 41;
560.0 34;
564.0 37;
568.0 46;
572.0 40;
576.0 36;
580.0 42;
584.0 36;
588.0 34;
592.0 41;
596.0 45;
600.0 54;
604.0 52;
608.0 42;
612.0 47;
616.0 34;
620.0 34;
624.0 34;
628.0 35;
632.0 49;
636.0 49;
640.0 49;
644.0 44;
648.0 44;
652.0 31;
656.0 35;
660.0 41;
664.0 42;
668.0 53;
672.0 56;
676.0 59;
680.0 53;
684.0 42;
688.0 36;
692.0 38;
696.0 38;
700.0 42;
704.0 46;
708.0 42;
712.0 40;
716.0 42;
720.0 36;
724.0 33;
728.0 40;
732.0 41;
736.0 32;
740.0 37;
744.0 46;
748.0 48;
752.0 46;
756.0 32;
760.0 32;
764.0 31;
768.0 31;
772.0 33;
776.0 30;
780.0 30;
784.0 26;
788.0 25;
792.0 31;
796.0 37;
800.0 37;
804.0 43;
808.0 37;
812.0 33;
816.0 28;
820.0 29;
824.0 42;
828.0 42;
832.0 39;
836.0 32;
840.0 40;
844.0 36;
848.0 29;
852.0 32;
856.0 41;
860.0 42;
864.0 36;
868.0 39;
872.0 40;
876.0 41;
880.0 38;
884.0 45;
888.0 37;
892.0 42;
896.0 40;
900.0 32;
904.0 27;
908.0 34;
912.0 39;
916.0 42;
920.0 33;
924.0 31;
928.0 35;
932.0 50;
936.0 46;
940.0 35;
944.0 49;
948.0 49;
952.0 50;
956.0 43;
960.0 45;
964.0 43;
968.0 39;
972.0 41;
976.0 46;
980.0 48;
984.0 43;
988.0 39;
992.0 37;
996.0 32;
1000.0 32;
1004.0 39;
1008.0 39;
1012.0 47;
1016.0 45;
1020.0 46;
1024.0 42;
1028.0 35;
1032.0 40;
1036.0 47;
1040.0 49;
1044.0 39;
1048.0 42;
1052.0 47;
1056.0 47;
1060.0 45;
1064.0 45;
1068.0 38;
1072.0 40;
1076.0 39;
1080.0 39;
1084.0 46;
1088.0 36;
1092.0 39;
1096.0 41;
1100.0 42;
1104.0 30;
1108.0 27;
1112.0 37;
1116.0 39;
1120.0 38;
1124.0 38;
1128.0 33;
1132.0 33;
1136.0 38;
1140.0 37;
1144.0 37;
1148.0 31;
1152.0 39;
1156.0 41;
1160.0 45;
1164.0 46;
1168.0 45;
1172.0 40;
1176.0 42;
1180.0 46;
1184.0 53;
1188.0 58;
1192.0 57;
1196.0 47;
1200.0 39;
1204.0 34;
1208.0 30;
1212.0 38;
1216.0 45;
1220.0 49;
1224.0 45;
1228.0 44;
1232.0 50;
1236.0 41;
1240.0 44;
1244.0 35;
1248.0 43;
1252.0 53;
1256.0 60;
1260.0 58;
1264.0 52;
1268.0 49;
1272.0 46;
1276.0 52;
1280.0 40;
1284.0 48;
1288.0 54;
1292.0 41;
1296.0 31;
1300.0 40;
1304.0 41;
1308.0 49;
1312.0 50;
1316.0 45;
1320.0 34;
1324.0 38;
1328.0 48;
1332.0 52;
1336.0 44;
1340.0 45;
1344.0 48;
1348.0 55;
1352.0 47;
1356.0 41;
1360.0 40;
1364.0 42;
1368.0 42;
1372.0 34;
1376.0 37;
1380.0 32;
1384.0 37;
1388.0 45;
1392.0 50;
1396.0 45;
1400.0 35;
1404.0 42;
1408.0 44;
1412.0 34;
1416.0 31;
1420.0 33;
1424.0 36;
1428.0 42;
1432.0 37;
1436.0 41;
1440.0 44;
1444.0 41;
1448.0 42;
1452.0 45;
1456.0 45;
1460.0 42;
1464.0 29;
1468.0 35;
1472.0 43;
1476.0 43;
1480.0 51;
1484.0 57;
1488.0 52;
1492.0 40;
1496.0 33;
1500.0 26;
1504.0 32;
1508.0 32;
1512.0 33;
1516.0 40;
1520.0 45;
1524.0 40;
1528.0 37;
1532.0 29;
1536.0 28;
1540.0 33;
1544.0 41;
1548.0 28;
1552.0 33;
1556.0 33;
1560.0 39;
1564.0 42;
1568.0 40;
1572.0 35;
1576.0 34;
1580.0 41;
1584.0 38;
1588.0 31;
1592.0 48;
1596.0 52;
1600.0 48;
1604.0 41;
1608.0 36;
1612.0 39;
1616.0 36;
1620.0 39;
1624.0 40;
1628.0 43;
1632.0 39;
1636.0 37;
1640.0 40;
1644.0 30;
1648.0 34;
1652.0 30;
1656.0 30;
1660.0 39;
1664.0 42;
1668.0 46;
1672.0 40;
1676.0 37;
1680.0 28;
1684.0 30;
1688.0 38;
1692.0 41;
1696.0 43;
1700.0 41;
1704.0 43;
1708.0 44;
1712.0 47;
1716.0 44;
1720.0 48;
1724.0 44;
1728.0 35;
1732.0 31;
1736.0 34;
1740.0 40;
1744.0 39;
1748.0 36;
1752.0 29;
1756.0 38;
1760.0 43;
1764.0 31;
1768.0 33;
1772.0 40;
1776.0 43;
1780.0 45;
1784.0 48;
1788.0 47;
1792.0 41;
1796.0 38;
1800.0 37;
1804.0 50;
1808.0 52;
1812.0 47;
1816.0 39;
1820.0 35;
1824.0 35;
1828.0 45;
1832.0 44;
1836.0 34;
1840.0 37;
1844.0 40;
1848.0 35;
1852.0 33;
1856.0 39;
1860.0 41;
1864.0 49;
1868.0 51;
1872.0 49;
1876.0 43;
1880.0 33;
1884.0 45;
1888.0 47;
1892.0 39;
1896.0 32;
1900.0 39;
1904.0 48;
1908.0 47;
1912.0 44;
1916.0 37;
1920.0 44;
1924.0 51;
1928.0 55;
1932.0 46;
1936.0 52;
1940.0 50;
1944.0 44;
1948.0 37;
1952.0 32;
1956.0 29;
1960.0 32;
1964.0 36;
1968.0 41;
1972.0 35;
1976.0 36;
1980.0 42;
1984.0 52;
1988.0 48;
1992.0 49;
1996.0 44;
2000.0 43;
2004.0 47;
2008.0 48;
2012.0 40;
2016.0 38;
2020.0 41;
2024.0 52;
2028.0 47;
2032.0 43;
2036.0 37;
2040.0 37;
2044.0 46;
2048.0 51;
2052.0 45;
2056.0 44;
2060.0 45;
2064.0 43;
2068.0 40;
2072.0 40;
2076.0 39;
2080.0 37;
2084.0 30;
2088.0 32;
2092.0 43;
2096.0 41;
2100.0 37;
2104.0 41;
2108.0 41;
2112.0 49;
2116.0 38;
2120.0 39;
2124.0 28;
2128.0 28;
2132.0 39;
2136.0 40;
2140.0 36;
2144.0 35;
2148.0 37;
2152.0 37;
2156.0 40;
2160.0 39;
2164.0 39;
2168.0 39;
2172.0 39;
2176.0 41;
2180.0 37;
2184.0 29;
2188.0 26;
2192.0 29;
2196.0 32;
2200.0 42;
2204.0 46;
2208.0 49;
2212.0 46;
2216.0 45;
2220.0 38;
2224.0 34;
2228.0 38;
2232.0 36;
2236.0 35;
2240.0 38;
2244.0 41;
2248.0 37;
2252.0 44;
2256.0 43;
2260.0 35;
2264.0 37;
2268.0 33;
2272.0 29;
2276.0 35;
2280.0 35;
2284.0 35;
2288.0 35;
2292.0 43;
2296.0 48;
2300.0 48;
2304.0 38;
2308.0 32;
2312.0 37;
2316.0 43;
2320.0 56;
2324.0 55;
2328.0 43;
2332.0 38;
2336.0 38;
2340.0 36;
2344.0 37;
2348.0 40;
2352.0 41;
2356.0 44;
2360.0 50;
2364.0 47;
2368.0 45;
2372.0 45;
2376.0 37;
2380.0 41;
2384.0 46;
2388.0 47;
2392.0 46;
2396.0 36;
2400.0 30;
2404.0 46;
2408.0 50;
2412.0 48;
2416.0 39;
2420.0 41;
2424.0 39;
2428.0 41;
2432.0 46;
2436.0 36;
2440.0 37;
2444.0 37;
2448.0 38;
2452.0 37;
2456.0 32;
2460.0 30;
2464.0 29;
2468.0 38;
2472.0 38;
2476.0 27;
2480.0 28;
2484.0 38;
2488.0 38;
2492.0 37;
2496.0 32;
2500.0 32;
2504.0 28;
2508.0 32;
2512.0 34;
2516.0 35;
2520.0 39;
2524.0 48;
2528.0 54;
2532.0 49;
2536.0 43;
2540.0 43;
2544.0 37;
2548.0 48;
2552.0 52;
2556.0 53;
2560.0 43;
2564.0 37;
2568.0 42;
2572.0 53;
2576.0 51;
2580.0 49;
2584.0 52;
2588.0 42;
2592.0 39;
2596.0 33;
2600.0 33;
2604.0 31;
2608.0 32;
2612.0 34;
2616.0 39;
2620.0 37;
2624.0 35;
2628.0 38;
2632.0 40;
2636.0 37;
2640.0 44;
2644.0 46;
2648.0 39;
2652.0 41;
2656.0 44;
2660.0 39;
2664.0 36;
2668.0 41;
2672.0 39;
2676.0 35;
2680.0 31;
2684.0 32;
2688.0 37;
2692.0 37;
2696.0 44;
2700.0 49;
2704.0 42;
2708.0 41;
2712.0 41;
2716.0 39;
2720.0 36;
2724.0 46;
2728.0 51;
2732.0 50;
2736.0 49;
2740.0 49;
2744.0 37;
2748.0 41;
2752.0 42;
2756.0 42;
2760.0 37;
2764.0 36;
2768.0 40;
2772.0 47;
2776.0 50;
2780.0 46;
2784.0 42;
2788.0 47;
2792.0 50;
2796.0 42;
2800.0 38;
2804.0 44;
2808.0 44;
2812.0 33;
2816.0 32;
2820.0 41;
2824.0 39;
2828.0 44;
2832.0 40;
2836.0 43;
2840.0 32;
2844.0 43;
2848.0 52;
2852.0 55;
2856.0 45;
2860.0 38;
2864.0 35;
2868.0 35;
2872.0 44;
2876.0 47;
2880.0 42;
2884.0 36;
2888.0 40;
2892.0 37;
2896.0 28;
2900.0 31;
2904.0 30;
2908.0 37;
2912.0 45;
2916.0 42;
2920.0 45;
2924.0 48;
2928.0 42;
2932.0 37;
2936.0 28;
2940.0 31;
2944.0 39;
2948.0 47;
2952.0 39;
2956.0 31;
2960.0 42;
2964.0 54;
2968.0 48;
2972.0 36;
2976.0 38;
2980.0 43;
2984.0 40;
2988.0 38;
2992.0 43;
2996.0 46;
3000.0 43;
3004.0 33;
