b = [
4.0 15;
8.0 34;
12.0 46;
16.0 43;
20.0 40;
24.0 28;
28.0 31;
32.0 30;
36.0 33;
40.0 37;
44.0 33;
48.0 35;
52.0 45;
56.0 41;
60.0 41;
64.0 29;
68.0 28;
72.0 35;
76.0 39;
80.0 41;
84.0 39;
88.0 35;
92.0 46;
96.0 40;
100.0 35;
104.0 33;
108.0 47;
112.0 46;
116.0 40;
120.0 52;
124.0 45;
128.0 41;
132.0 39;
136.0 45;
140.0 42;
144.0 45;
148.0 41;
152.0 36;
156.0 33;
160.0 35;
164.0 35;
168.0 42;
172.0 44;
176.0 43;
180.0 36;
184.0 30;
188.0 37;
192.0 36;
196.0 44;
200.0 35;
204.0 36;
208.0 39;
212.0 39;
216.0 53;
220.0 72;
224.0 65;
228.0 49;
232.0 39;
236.0 39;
240.0 47;
244.0 46;
248.0 49;
252.0 50;
256.0 42;
260.0 33;
264.0 39;
268.0 37;
272.0 34;
276.0 27;
280.0 37;
284.0 42;
288.0 47;
292.0 46;
296.0 49;
300.0 36;
304.0 38;
308.0 39;
312.0 37;
316.0 28;
320.0 26;
324.0 31;
328.0 46;
332.0 52;
336.0 54;
340.0 49;
344.0 46;
348.0 44;
352.0 33;
356.0 35;
360.0 34;
364.0 40;
368.0 42;
372.0 40;
376.0 33;
380.0 42;
384.0 35;
388.0 36;
392.0 28;
396.0 29;
400.0 26;
404.0 31;
408.0 29;
412.0 38;
416.0 41;
420.0 34;
424.0 38;
428.0 52;
432.0 51;
436.0 48;
440.0 42;
444.0 41;
448.0 39;
452.0 37;
456.0 41;
460.0 49;
464.0 50;
468.0 53;
472.0 39;
476.0 38;
480.0 36;
484.0 39;
488.0 31;
492.0 24;
496.0 26;
500.0 30;
504.0 39;
508.0 44;
512.0 46;
516.0 36;
520.0 35;
524.0 46;
528.0 41;
532.0 41;
536.0 36;
540.0 39;
544.0 35;
548.0 33;
552.0 33;
556.0 36;
560.0 44;
564.0 37;
568.0 30;
572.0 37;
576.0 33;
580.0 42;
584.0 42;
588.0 46;
592.0 39;
596.0 31;
600.0 46;
604.0 51;
608.0 50;
612.0 43;
616.0 37;
620.0 45;
624.0 46;
628.0 44;
632.0 35;
636.0 30;
640.0 30;
644.0 29;
648.0 38;
652.0 42;
656.0 41;
660.0 50;
664.0 52;
668.0 38;
672.0 40;
676.0 40;
680.0 50;
684.0 45;
688.0 40;
692.0 54;
696.0 51;
700.0 39;
704.0 35;
708.0 32;
712.0 26;
716.0 34;
720.0 34;
724.0 40;
728.0 42;
732.0 39;
736.0 33;
740.0 36;
744.0 31;
748.0 32;
752.0 31;
756.0 41;
760.0 43;
764.0 43;
768.0 37;
772.0 37;
776.0 35;
780.0 41;
784.0 37;
788.0 37;
792.0 37;
796.0 35;
800.0 40;
804.0 42;
808.0 38;
812.0 36;
816.0 42;
820.0 37;
824.0 39;
828.0 40;
832.0 43;
836.0 41;
840.0 37;
844.0 32;
848.0 32;
852.0 30;
856.0 26;
860.0 29;
864.0 39;
868.0 44;
872.0 42;
876.0 46;
880.0 56;
884.0 54;
888.0 39;
892.0 40;
896.0 39;
900.0 40;
904.0 39;
908.0 40;
912.0 34;
916.0 28;
920.0 28;
924.0 41;
928.0 44;
932.0 43;
936.0 44;
940.0 44;
944.0 45;
948.0 35;
952.0 39;
956.0 42;
960.0 48;
964.0 45;
968.0 44;
972.0 37;
976.0 38;
980.0 40;
984.0 35;
988.0 32;
992.0 36;
996.0 38;
1000.0 35;
1004.0 37;
1008.0 34;
1012.0 39;
1016.0 43;
1020.0 47;
1024.0 46;
1028.0 43;
1032.0 36;
1036.0 38;
1040.0 41;
1044.0 39;
1048.0 35;
1052.0 40;
1056.0 42;
1060.0 43;
1064.0 44;
1068.0 37;
1072.0 44;
1076.0 36;
1080.0 37;
1084.0 40;
1088.0 42;
1092.0 43;
1096.0 47;
1100.0 42;
1104.0 41;
1108.0 35;
1112.0 33;
1116.0 39;
1120.0 37;
1124.0 35;
1128.0 43;
1132.0 51;
1136.0 43;
1140.0 36;
1144.0 34;
1148.0 44;
1152.0 48;
1156.0 38;
1160.0 33;
1164.0 34;
1168.0 33;
1172.0 36;
1176.0 36;
1180.0 39;
1184.0 43;
1188.0 44;
1192.0 46;
1196.0 48;
1200.0 43;
1204.0 40;
1208.0 39;
1212.0 46;
1216.0 40;
1220.0 36;
1224.0 33;
1228.0 35;
1232.0 47;
1236.0 45;
1240.0 40;
1244.0 35;
1248.0 37;
1252.0 37;
1256.0 37;
1260.0 40;
1264.0 44;
1268.0 47;
1272.0 43;
1276.0 40;
1280.0 41;
1284.0 36;
1288.0 41;
1292.0 42;
1296.0 48;
1300.0 51;
1304.0 53;
1308.0 45;
1312.0 43;
1316.0 45;
1320.0 44;
1324.0 45;
1328.0 52;
1332.0 43;
1336.0 34;
1340.0 33;
1344.0 33;
1348.0 43;
1352.0 36;
1356.0 38;
1360.0 42;
1364.0 45;
1368.0 37;
1372.0 40;
1376.0 38;
1380.0 38;
1384.0 37;
1388.0 36;
1392.0 35;
1396.0 41;
1400.0 39;
1404.0 45;
1408.0 43;
1412.0 51;
1416.0 46;
1420.0 55;
1424.0 50;
1428.0 52;
1432.0 40;
1436.0 38;
1440.0 29;
1444.0 33;
1448.0 37;
1452.0 33;
1456.0 33;
1460.0 31;
1464.0 28;
1468.0 24;
1472.0 31;
1476.0 44;
1480.0 52;
1484.0 49;
1488.0 40;
1492.0 31;
1496.0 29;
1500.0 30;
1504.0 31;
1508.0 33;
1512.0 39;
1516.0 43;
1520.0 49;
1524.0 48;
1528.0 51;
1532.0 42;
1536.0 46;
1540.0 40;
1544.0 36;
1548.0 42;
1552.0 42;
1556.0 39;
1560.0 41;
1564.0 33;
1568.0 30;
1572.0 29;
1576.0 34;
1580.0 35;
1584.0 32;
1588.0 42;
1592.0 51;
1596.0 46;
1600.0 45;
1604.0 49;
1608.0 48;
1612.0 43;
1616.0 46;
1620.0 42;
1624.0 41;
1628.0 37;
1632.0 46;
1636.0 38;
1640.0 39;
1644.0 58;
1648.0 51;
1652.0 40;
1656.0 38;
1660.0 37;
1664.0 34;
1668.0 31;
1672.0 38;
1676.0 40;
1680.0 40;
1684.0 32;
1688.0 27;
1692.0 26;
1696.0 29;
1700.0 38;
1704.0 38;
1708.0 38;
1712.0 42;
1716.0 41;
1720.0 40;
1724.0 34;
1728.0 36;
1732.0 30;
1736.0 27;
1740.0 33;
1744.0 32;
1748.0 45;
1752.0 52;
1756.0 53;
1760.0 42;
1764.0 35;
1768.0 36;
1772.0 38;
1776.0 41;
1780.0 44;
1784.0 45;
1788.0 36;
1792.0 27;
1796.0 34;
1800.0 37;
1804.0 41;
1808.0 39;
1812.0 49;
1816.0 60;
1820.0 58;
1824.0 55;
1828.0 45;
1832.0 41;
1836.0 41;
1840.0 49;
1844.0 50;
1848.0 45;
1852.0 48;
1856.0 45;
1860.0 46;
1864.0 37;
1868.0 34;
1872.0 30;
1876.0 32;
1880.0 45;
1884.0 42;
1888.0 51;
1892.0 47;
1896.0 41;
1900.0 43;
1904.0 43;
1908.0 39;
1912.0 33;
1916.0 36;
1920.0 36;
1924.0 37;
1928.0 34;
1932.0 38;
1936.0 37;
1940.0 43;
1944.0 39;
1948.0 31;
1952.0 33;
1956.0 41;
1960.0 49;
1964.0 48;
1968.0 43;
1972.0 43;
1976.0 45;
1980.0 38;
1984.0 29;
1988.0 38;
1992.0 40;
1996.0 52;
2000.0 53;
2004.0 50;
2008.0 48;
2012.0 46;
2016.0 37;
2020.0 36;
2024.0 36;
2028.0 39;
2032.0 36;
2036.0 39;
2040.0 36;
2044.0 44;
2048.0 51;
2052.0 52;
2056.0 37;
2060.0 30;
2064.0 32;
2068.0 36;
2072.0 38;
2076.0 36;
2080.0 39;
2084.0 34;
2088.0 43;
2092.0 48;
2096.0 43;
2100.0 42;
2104.0 41;
2108.0 38;
2112.0 33;
2116.0 33;
2120.0 42;
2124.0 45;
2128.0 38;
2132.0 45;
2136.0 46;
2140.0 41;
2144.0 42;
2148.0 36;
2152.0 38;
2156.0 37;
2160.0 34;
2164.0 34;
2168.0 45;
2172.0 41;
2176.0 46;
2180.0 49;
2184.0 48;
2188.0 43;
2192.0 38;
2196.0 31;
2200.0 36;
2204.0 35;
2208.0 34;
2212.0 33;
2216.0 37;
2220.0 33;
2224.0 39;
2228.0 45;
2232.0 39;
2236.0 36;
2240.0 30;
2244.0 38;
2248.0 35;
2252.0 33;
2256.0 35;
2260.0 39;
2264.0 50;
2268.0 49;
2272.0 41;
2276.0 40;
2280.0 30;
2284.0 39;
2288.0 47;
2292.0 50;
2296.0 45;
2300.0 38;
2304.0 36;
2308.0 33;
2312.0 41;
2316.0 42;
2320.0 47;
2324.0 39;
2328.0 39;
2332.0 40;
2336.0 39;
2340.0 50;
2344.0 54;
2348.0 52;
2352.0 44;
2356.0 46;
2360.0 43;
2364.0 38;
2368.0 33;
2372.0 37;
2376.0 30;
2380.0 39;
2384.0 38;
2388.0 37;
2392.0 42;
2396.0 43;
2400.0 34;
2404.0 29;
2408.0 45;
2412.0 45;
2416.0 45;
2420.0 36;
2424.0 39;
2428.0 44;
2432.0 52;
2436.0 42;
2440.0 35;
2444.0 29;
2448.0 34;
2452.0 39;
2456.0 38;
2460.0 35;
2464.0 40;
2468.0 32;
2472.0 34;
2476.0 34;
2480.0 45;
2484.0 47;
2488.0 52;
2492.0 42;
2496.0 44;
2500.0 38;
2504.0 28;
2508.0 29;
2512.0 32;
2516.0 45;
2520.0 43;
2524.0 44;
2528.0 41;
2532.0 45;
2536.0 38;
2540.0 50;
2544.0 56;
2548.0 44;
2552.0 36;
2556.0 32;
2560.0 41;
2564.0 41;
2568.0 47;
2572.0 50;
2576.0 43;
2580.0 37;
2584.0 31;
2588.0 34;
2592.0 43;
2596.0 45;
2600.0 42;
2604.0 42;
2608.0 45;
2612.0 40;
2616.0 40;
2620.0 40;
2624.0 42;
2628.0 39;
2632.0 39;
2636.0 25;
2640.0 35;
2644.0 40;
2648.0 44;
2652.0 47;
2656.0 51;
2660.0 50;
2664.0 43;
2668.0 45;
2672.0 46;
2676.0 50;
2680.0 49;
2684.0 44;
2688.0 37;
2692.0 46;
2696.0 45;
2700.0 39;
2704.0 36;
2708.0 41;
2712.0 41;
2716.0 42;
2720.0 42;
2724.0 50;
2728.0 47;
2732.0 36;
2736.0 39;
2740.0 30;
2744.0 33;
2748.0 42;
2752.0 38;
2756.0 31;
2760.0 24;
2764.0 29;
2768.0 43;
2772.0 41;
2776.0 45;
2780.0 39;
2784.0 35;
2788.0 37;
2792.0 42;
2796.0 38;
2800.0 44;
2804.0 34;
2808.0 42;
2812.0 37;
2816.0 38;
2820.0 41;
2824.0 37;
2828.0 38;
2832.0 45;
2836.0 46;
2840.0 39;
2844.0 36;
2848.0 52;
2852.0 53;
2856.0 40;
2860.0 36;
2864.0 38;
2868.0 43;
2872.0 48;
2876.0 47;
2880.0 51;
2884.0 48;
2888.0 45;
2892.0 42;
2896.0 35;
2900.0 22;
2904.0 32;
2908.0 30;
2912.0 32;
2916.0 31;
2920.0 32;
2924.0 35;
2928.0 38;
2932.0 30;
2936.0 37;
2940.0 38;
2944.0 32;
2948.0 39;
2952.0 34;
2956.0 43;
2960.0 34;
2964.0 35;
2968.0 40;
2972.0 52;
2976.0 47;
2980.0 41;
2984.0 35;
2988.0 35;
2992.0 36;
2996.0 42;
3000.0 42;
3004.0 41;
